112500
92500
97500
31000
29000
89500
34500
87500
157500
63000
42000
25500
119500
34500
157500
157500
52000
34000
152500
37000
157500
123500
157500
126000
77000
111500
50000
89500
94500
53500
207000
21000
37000
21000
67000
67000
31500
142000
84000
144500
106500
21000
185000
10500
157000
147000
155500
157500
31500
31500
31500
149900
30000
37500
40000
30000
100000
100000
100000
65000
150000
148500
85000
150000
35000
50000
149000
45000
30000
30000
85000
100000
100000
100000
30000
10000
145000
101000
101000
100000
100000
100000
150000
150000
77000
77000
40000
35000
100000
100000
150000
100000
100000
40000
40000
40000
40000
35000
100000
150000
100000
100000
35000
100000
100000
100000
100000
100000
100000
30000
70000
120000
25000
120000
50000
140000
150000
80000
30000
120000
30000
120000
120000
100000
30000
30000
97500
30000
30000
47500
100000
75000
100000
51500
25000
100000
99000
30000
100000
20500
105000
30000
55000
120000
20500
100000
100000
20500
50000
21000
20000
100000
50000
100000
50000
150000
100000
30000
100000
25000
130000
35000
118500
100000
75000
30000
150000
35000
124500
100000
100000
100000
100000
30000
100000
100000
100000
100000
100000
21500
25000
100000
30000
21500
30000
20000
21500
21500
21500
21500
21500
21500
104500
21500
21500
21500
21500
21500
21500
21500
40000
21500
21500
21500
21500
21500
21500
21500
30000
50000
50000
40000
50000
30000
157000
112500
150000
50000
25000
150000
45000
30000
50000
30000
40000
21500
30000
21500
37500
50000
50000
21500
110000
100000
100000
21500
21500
150000
60000
100000
120000
139500
100000
150000
30000
137000
30000
145000
100000
45000
37500
135000
100000
37500
37500
30000
50000
60000
50000
100000
25000
100000
120000
50000
25000
50000
80000
65000
24000
40000
150000
40000
150000
93000
40000
30000
93000
100000
200000
21500
100000
40000
100000
40000
150000
120000
40000
37500
75000
20000
60000
40000
100000
100000
100000
150000
47500
200000
112000
200000
150000
150000
130000
24500
44000
100000
65000
65000
65000
65000
65000
175000
100000
175000
150000
94500
175000
101000
175000
175000
30000
80000
150000
100000
50000
50000
50000
30000
60000
75000
45000
200000
75000
50000
85000
50000
66000
74500
74500
80000
21000
40000
80000
30000
30000
21500
21500
21500
21500
21500
21500
21500
21500
21500
21500
21500
21500
21500
21500
21500
21500
21500
21500
21500
21500
21500
25000
57000
50000
77000
130000
115000
150000
35000
75000
90000
35000
48000
21500
21500
21500
30000
25000
67500
34000
25000
25000
102500
105500
86000
67500
35000
132000
30000
35000
200000
25000
25000
75000
25000
30000
78000
40500
40500
35000
25000
79500
30000
30000
92000
105500
86500
30000
30000
30000
100500
72500
45000
20000
35000
120000
51500
100000
30000
85000
35000
78000
125000
100000
100000
30000
100000
30000
46500
25000
142000
82000
100000
25000
130000
30000
49500
30000
12500
21500
21500
21500
21500
21500
93000
74500
50000
50000
90000
75000
120000
75000
150000
21500
30000
30000
21500
21500
70000
30000
150000
21500
200000
60000
98500
98500
60000
120000
139000
25000
25000
100000
62500
134000
40000
90000
20000
100000
21500
74500
300000
150000
100000
50000
98000
25000
25000
149500
150000
30000
40000
35000
30000
50000
30000
80000
30000
90000
90000
75000
40500
150000
50000
30000
98000
150000
36000
98000
30000
35000
50000
40000
30000
30000
80000
40000
77500
40000
100500
150000
100000
100000
75000
30000
30000
61500
76500
25000
120000
30000
30000
30000
30000
30000
30000
21500
21500
21500
21500
21500
40500
21500
21500
21500
50000
40000
50000
100000
100000
80000
66500
100000
100000
81500
75000
12500
85000
30000
120000
30000
25000
21500
150000
95000
30000
150000
104000
21500
21500
21500
21500
56000
55000
50000
50000
21500
21500
21500
10000
30000
30000
93000
105000
100000
74000
104000
69500
100000
200000
100000
100000
100000
175000
120000
100000
104000
140000
200000
30000
30000
30000
200000
30000
100000
200000
150000
21500
75000
100000
21500
21500
30000
21500
50000
100000
21500
21500
150000
21500
21500
21500
21500
21500
21500
21500
139000
150000
30000
105000
100000
67500
21500
21500
21500
21500
200000
75000
21500
30000
50000
100000
21500
100000
150000
175000
21500
100000
30000
50000
50000
30000
52500
100000
21500
100000
75000
50000
40000
21500
60000
100000
100000
30000
21500
21500
50000
70000
45000
150000
50000
100000
150000
70000
70000
200000
100000
73000
100000
94000
22000
94000
94000
94000
146000
80500
94000
100000
100000
150000
50000
70000
150000
65000
30000
149000
94000
94000
30000
200000
30000
94000
30000
45000
50000
50000
120000
104000
30000
30000
30000
150000
30000
50000
147500
21500
150000
57500
140000
120000
22500
70000
50000
70000
21500
21500
50000
200000
120000
30000
30000
130000
120000
50000
50000
50000
50000
50000
30000
50000
30000
30000
21500
70000
58500
30000
150000
120000
90000
98000
21000
130000
35000
150000
120000
80500
32500
44000
94000
94000
150000
94000
94000
104000
101500
150000
103000
30000
21500
94000
94000
55000
94000
30000
64000
64000
55000
30000
50000
40000
30000
86000
30000
89000
150000
30000
40000
22500
123000
110000
128500
150000
139000
139000
30000
149500
140000
21500
21500
21500
30000
30000
37500
128500
30000
52500
150000
88500
150000
54000
30000
30000
88000
54000
146000
80500
80500
74500
104000
40000
124000
45000
65500
50500
150000
50500
50500
88500
50500
108000
108000
108000
108000
21500
50500
50500
88000
50500
55500
108000
50500
71500
21500
50500
55500
50500
50500
50500
50500
40000
150000
50500
149500
50500
30000
30000
88500
55500
50500
150000
50500
108000
88000
102500
108000
108000
150000
55500
102500
21500
29500
52500
48000
84500
50500
120000
80000
102500
37500
71500
120000
120000
21500
55500
124000
40000
55500
60000
150000
21500
50000
102500
30000
30000
120000
30000
45000
22500
100000
54000
45000
55000
120000
23500
50000
54000
100000
46000
35000
150000
69500
50000
46000
54000
64000
21500
22000
69500
150000
120000
21500
24999
30000
147500
22500
48000
30000
30000
110000
90000
104000
150000
124000
34500
134500
75000
146500
150000
22500
88500
25000
59500
22500
30000
27500
49000
49000
100000
150000
30000
22500
30000
64000
82500
21500
150000
21500
52500
97000
22500
30000
150000
130000
88500
150000
30000
21500
150000
110000
150000
54000
52500
52500
83000
104000
21500
21500
52500
52500
77500
88500
116500
100000
116500
110500
94000
22000
120000
120000
95500
70000
88500
75000
54000
46000
132500
104000
21500
124000
55500
55500
22000
132500
94000
94000
120000
22500
50000
116500
52500
141500
52500
89000
76500
110500
88000
141500
52500
110500
52500
122500
92500
141500
52500
88500
76500
30000
52500
52500
150000
88500
106500
70000
85000
21500
150000
75000
75000
55500
120000
150000
100000
141500
30000
30000
30000
149000
150000
110500
150000
76500
76500
100000
141500
76500
76500
76500
133000
86000
55500
141500
141500
110500
141500
141500
44000
30000
100000
132500
30000
150000
88500
120000
100000
150000
105000
30000
120000
88500
150000
52500
150000
104500
110500
139000
92500
22000
52500
133000
133000
30000
30000
98500
149500
110000
93500
135000
141500
52500
65500
21500
141500
30000
102500
30000
50000
22500
100000
104500
126000
110500
139000
141500
37500
30000
139000
139000
93000
88500
76500
100000
150000
150000
50000
101000
145000
126000
137500
150000
150000
135000
30000
22500
50000
22500
150000
59500
139000
150000
30000
60000
21500
30000
98500
22000
110500
30000
37500
37500
45000
139000
30000
98000
126000
150000
150000
133000
150000
22500
30000
22500
52500
52500
52500
96500
96500
96500
96500
96500
150000
150000
100000
150000
133000
150000
30000
80500
82000
85000
96500
96500
21500
116500
96500
150000
30000
30000
22500
96500
150000
55500
71500
52500
30000
150000
30000
150000
96500
30000
30000
45000
150000
133000
150000
98000
52500
150000
96500
30000
52500
96500
21500
96500
30000
52500
96500
150000
21500
133000
76500
85000
150000
50000
30000
150000
30000
85000
85000
89500
89500
147000
116500
81000
102500
150000
145000
116500
150000
71500
122500
98000
99500
110500
150000
88000
30000
54000
37500
141500
45000
37500
116500
98000
91500
20500
150000
150000
104000
80500
150000
150000
150000
150000
105000
104000
88500
83000
52500
74500
150000
80500
132500
30000
50000
30000
21500
63000
104000
44000
130500
21500
90000
133000
88000
150000
83000
76000
150000
37500
89000
52500
88500
30000
150000
98000
21500
21500
30000
100000
70000
125000
60000
120000
88000
12500
65000
37500
90000
150000
30000
110500
30000
125000
104000
130000
124000
104000
104000
104000
124000
71500
30000
104500
150000
126000
124000
150000
124000
55500
50000
50000
30000
95000

